0 0.961448 0.076515 0.077105 0.153030
0 0.601101 0.697727 0.072384 0.383333
0 0.320220 0.194697 0.072384 0.065152
0 0.212825 0.076515 0.107789 0.153030
0 0.173485 0.886364 0.079465 0.124242
0 0.123525 0.942424 0.058222 0.063636
0 0.407946 0.215152 0.059009 0.072727
0 0.966955 0.186364 0.059795 0.130303
0 0.229740 0.477273 0.058222 0.081818
0 0.268686 0.163636 0.025964 0.072727
0 0.554288 0.632576 0.041699 0.065152
0 0.755704 0.855303 0.054288 0.095455
0 0.156570 0.068939 0.056648 0.074242
0 0.624705 0.917424 0.020456 0.134848
0 0.322974 0.976515 0.049567 0.040909
0 0.076318 0.982576 0.067663 0.034848
0 0.437057 0.543182 0.035405 0.046970
0 0.559402 0.573485 0.033045 0.050000
0 0.407553 0.128788 0.037766 0.127273
0 0.416208 0.365909 0.022030 0.062121
0 0.443352 0.171970 0.030685 0.043939
0 0.804091 0.032576 0.034618 0.050000
0 0.529504 0.739394 0.045633 0.054545
0 0.859166 0.765909 0.031471 0.046970
0 0.553108 0.765909 0.026751 0.046970
0 0.693942 0.020455 0.029898 0.040909
0 0.907553 0.046970 0.025964 0.048485
0 0.675846 0.244697 0.018883 0.034848
0 0.550354 0.443182 0.036979 0.092424
0 0.016522 0.160606 0.031471 0.051515
0 0.130212 0.255303 0.024390 0.037879
0 0.499213 0.693182 0.018096 0.056061
0 0.708497 0.051515 0.041699 0.048485
0 0.485051 0.312121 0.024390 0.045455
0 0.054288 0.092424 0.018883 0.039394
0 0.376475 0.154545 0.022817 0.042424
0 0.234854 0.281818 0.018096 0.036364
0 0.885523 0.056061 0.024390 0.036364
0 0.904013 0.707576 0.020456 0.036364
0 0.346184 0.214394 0.023603 0.037879
0 0.443352 0.583333 0.018096 0.033333
0 0.144768 0.187879 0.020456 0.045455
0 0.757671 0.360606 0.017309 0.057576
0 0.414634 0.803788 0.018883 0.034848
0 0.645555 0.865909 0.019670 0.037879
0 0.337923 0.298485 0.016522 0.039394
0 0.529898 0.850758 0.019670 0.040909