2 0.765835 0.019588 0.044146 0.039175
2 0.561180 0.254124 0.030230 0.067010
2 0.585413 0.018041 0.035509 0.036082
1 0.973369 0.038144 0.024472 0.035052
2 0.255758 0.398969 0.029750 0.053608
1 0.219050 0.362887 0.024472 0.051546
1 0.717370 0.193299 0.020154 0.034021
1 0.755518 0.598454 0.021593 0.044330
1 0.733445 0.064948 0.022553 0.022680
1 0.700576 0.219588 0.011516 0.024742
1 0.799664 0.110825 0.012956 0.027835
1 0.775432 0.254639 0.020154 0.039175
1 0.803503 0.014433 0.016795 0.028866
1 0.768234 0.491753 0.014395 0.028866
1 0.813100 0.131443 0.012956 0.046392
1 0.827735 0.012887 0.017274 0.025773
1 0.726008 0.023196 0.016315 0.034021
1 0.637236 0.522680 0.012476 0.024742